91

Μ

00010111001 11000 Ι101100 0100 100000 1010010100 01010 01011

001100000. 1100001000 0101110110 100110010111011011101011 ·

1001011001οω 1110100 001010101εο 80100000 000, 0010111010
110 (1010001, 110 er 1100010 0001 000110100010111, 00100 01010100
mammam, 01011 11100 01110100, 010 000010100010010,
110 001000 11000000 0000101001, 110 110000000181011000 11000

, monatianum, 10000 911001000101001101001000 0000110100

11010100 0001101οη, 001 000001000 10001000 00 110, 1110000101
00101000, 0101 0010001011110100110010 0011011000 00100-
000,Διο0101010010110001000 000 0000100,110110’0 (1010100 00101-
00101,1011000οι0 00100 00 000000 100 101011101οο (10000111).

Ala 11010 11000, 00 100000 Seite 0101 11001001 101001,
0000011000 0000011000 000, war Amulph 01001011010100
1100000 1οιΙ stadt. 101 1: November 990 10110 11000 000110110-
, 1000000010000000. Sie 0000 0011100110, 1000010010 ²). 11ιί0 00-
1010001100000110101000, durch 10000 1100001111υο0 0001 00000100
’1101110101110010010 00 110 00100000 1101010 001 10011100101
0001000 10 110 81011 gebracht 00010 ⁸), 0010101100100100
8100100 0011101 10 100 000100 11000100 100 101000 991 00000-
000 ward. 11011000 0001000 000010 01000010 11ιο 110 0010100 ’
’1010110100100 0010000000 11010000100000 00101100.

1100000 0001, 00100 81100, 0001 001 Ludwig, 00110011·
00101 1000101 000000 00100 100 (101000000ος 110 11101010 001
11101100 001101100 110 1000 0000010010 11011011. .. 0001 00001
0001 0010000 0οἧ101 0010010101001(000100010101101 991) im
11001000 010 000100 0011100001, 0001 0011110100 0010010100 Le·
100. 11010 (11000101 jener 2011 101 00 100 111110 000010 00101100,
1001010 0010000101000, 10 1010 110000 000011010ος 0001100100
0100100 dem 1010100 0000110000, 1000001101001000 110100 100
11010100, 1101100, 11011001000000011110001 0001 mit dem
1000011101 00100000 00 100000, 000 11001000010001100001100001
0010010000. 1100 8011011001 001000 811000 1010010 001 carl 101

Ι1 11101. depos. Amul.
²) Ep. 100111. Μ. 011),
³) Ep. 111. 119.

 

