28

ῶ11111111111, bie 11 111111 111111, 111 1111 11111 11111 11111
1111111111111 1111111111 11 1111 1111111 11111, 111 111
11111 111 11111111 gu 1111111 111111 1111111111 11111113 1111 bue
(11111 11111 [o 11111111111111111111,11111111 1111111111111 1111 ’
1111111 111111, 11111 11111111 bie 6111111 nod) 1111131111αῴ fei:
1111 11111111 1111111111 1113111 11111111, 111 ber 11111 1111
bess. 91111111, 111111 11111111 911111111111111 1111111111
11111111, 11111111) 11111 11111111111111111111 1111111111111111
Pola) 111 1111 winberge 1115311111 1111111111, ben 111 111111
1 1111111111 gemti 111111. 1111111111111111 1111111111 1111111
111111111111111111111111111 11111111 1111111111, 111111 1111111, be:
1111111111 111111111111111, &ott 1111 111111111111111111111
buten, 1111111111, 111 111111Έ1111111 1111111111 1111111111,
1111 1111111111111111 1111111111. 1111 11111111 1111111
1111111911 1111 11 grob, 1111 11111 1111111111, mit 1111111111 bod
[1111 1111111, 11 111191111111111θ1111 11111 51111111111111111
1111111111 fic 11111 1111111111 111 11111111311111 1111111ς1111
11111111111111111111 [einen 1111111, 1111. 11111111, 11111 1111
11111111 91111111 111111, 11111111 fic 1111111111 1111 111111111111111
bie 111119111111111111111111 1111 1111111 hurd) 111111 &dmm
111 111 3111111111 1111111111 1111, 1111 bit 1111111111111119111
111111111111111111 (1111111111111. ·
ῖῠ1111.11111111 [11111111 111 111111111111111111 &emilie
11153111111111111 61111. marutha &eim 1111 1111111111 swa
1111, 111 1111111111 &eim 1111 1111111111 111111111111111111 ·
1111111111111. &r 1111111 1081 111 15111111 11111111, 111 nna
111 ber 1111111111 1111111111118111111111 111 111111 11111111.
(ἔτ 1111111111 1111913111 111 11111111 1111111111 1311111111 V., er=
11111111191111111111 &tunm 1111 111111 1111 11111111 1111111111
11111111, 111 1111111 111111; 11 1111111111 [ngat 111111111111111
61111111111111111 61111111111111111111111119111111, 11111111
1111111111111111111111ῶ111111ῶ1111. Ε1111111111111131111
1121) 11 1) 1111111111, 111111 111111 &tabi 1111111 1111111111),
1111 131111 bet 1111111111 ῢ11111111111, 11111111 {einen 1111111
111191. 6111111111111111111111111111, 111 111111 1111111111111111
&ee 11 §niuamburg berufen 11111, 111 11 im 31111 1131 nath.
1111111 hie 1111111111 111111 b. 11111111 11111 11111111
&reviset 11 111111111111111111111, [1 1111111111 nod)

 

