„Q-

111111β (1111111111 1111111, 1111 11111111111111111 11111111
1111 1 1 ).

vm.

11111 1111. 1111111111 1111 11 111 1111111111 111111 111
1111, 111 111111 61111, 111, 111 11161111, 111 1111111
11111) 1111111111, 1111 11111 1111111, 1111111111 11 111111,
11111 mit 111111 11111111 111 11 111111111111111 111, 111 ,
1111 1111 1111111111 1111111111, 111 11 111111 11111 1111

fi 111 1111111111111111111111111111 11111, 1111111111, 111
ζ 11111111 1111111111, 111 111 111 111111111111111111,

11111111 1111111111111 1111 11111111 1111114 11111 a

11111111 111 11111 11111111, 11 11 guid> 1111 111111 1111
'⁹ 1111 [1111 1111111111111111111111, 111 111 111111 111
· ς,1111111111 1111111111111, 111 [111 1111 gange& 11111 11111111
² 111 111 1111111111111 11111111111113111111111 11111111
'j 11111111111111111 1111111111 111111 J.

lx,

11111 1111111 (11111111 11111, 1111 111 1111111111 111111

⁷ 11111111111111 11111111, 11111111 111 1111111111

1111111111, 1111 11111111 11111111, 111111 111 1111111111

: 111111, 11 111 11111 11111111111111111111111111, 1111
1 111 111111 1111111, 11111111111111111111111111111111111111,
1 111111 1111111111 1111 11111111 1111111111. 1111 1111111 111
; 1111111111111111111, 11111111 fit, [11 111 11111111 111111 gu
3 111111, 111 1111111111 fit 111 1111111111111 6111111111
¹· 111 1111111 1111 11111111 1111111111, 11 111 111 111111 1111
a 1111111111.

1

') 1111111111 11111111 11111 11111111 111111111111111111111
Ἶῗζιιέαοῡῖτίιυίοῗο 11111 snm 1111111111 1. 111. 1111 ³9⁰.

 

