111

,111 11 11111 Quin 11 111111 11111 1111111 11111, 11111
1111111111, 11111111 111 1111111111 1111111, 11111111
,1111111 111 11111 1111111111,1111111611111111
,1111111111 111 111 61111111 111 1111111111111111
,111111 11111.

,111111111111111111 111 11111111 11111111 1111
,111111111111 1111111111 111 11111111 θ111 11111111 111111,
,11 11 11 1111111 1111, 111 111111 11131111111111111
,111111 11111111111111 11111 111 11 (1111111111111 1111
,11111111 11, 11 1111111111, 1111111111111111, 11111111 111
,11 1111111111 1111111 1111 3111111111111111111 11,
,11 111 111 11111111 1111111 1111 11111111111111111
,1111111 11111 1111. 1111 11111111 1111111, 111 11 111
,11111111 11111 11111111, 111 111111 1111111111 &arras
,111111 111 111111 11111111 1111 111 111 Β1111 111
,1111111 11111111 11111, 111 11111111, 111111 11111111
,111 11111 ὓ111111 11111111, 111 11111 111 (1111111111 111
,111111111111111 1111 11111111, 11 11111111 11111111
,111111 1111 11111111

111111111111111111111 29. 11111111 1253 11111.
(1113111 1111111111 11 aud) 1111111111 111 11111111
111 1111111 1111 11111, 11 1111113111111111 1111111
1111 1111111111 11 (1111111111 1111111111. 1111111111
1111 1111111111 111 11111111 11111, 11111111111111
11111111 1111111111 111 111111111111111111111111111111111
111. 11111111 1111 111ῦ111111ς 1111111, 111 1111 111
111111 111 11111 1111111111 111111, 111 111, 11111111 11
1111111111, 11111 111111 11111, 1111111111111111111 1111
1111. 111 11111111 1111111 11111111111111111111 111111
1111111, 1111111111 111 1111111111 111111111111111111
1111111111 11 1111 1111111111 1111 11111111. 11 11111
11111 111 1111111111111

,1111 1111 111 (1111111111 111 1111111111, 111 11111111
,111111 111111 (1111111111 11111111, 11 11111111111311
,111 1131111 1111111, 1111 11111 (111111 1111111111, 111
,11 1111111111 111111 111 111 111111 11111111111111111
,,11111, 111 111111 111111 1111111111111,11111111 1111
,111 1111 (1111111111 11111111, 11111 1111111, 1111 111

 

