1
1

1

..111-

11111 111 11111 111, 111 11111 1111111111 111 111 11111111
11111 111111.

⁸ b 1111111111 111111 11111 11111111 11111111 111111, 11111111
11111111 111 11111111 1111111 gu 111111, 1111111 111, 11111, 111
11 111111 11111111 11111, 11111 111 11111111 11 1111111, 111 1111
11111 1111111111 1111111111. 11 1111 11131111 1218, 11111
111 111 111 11111111 111111Θ1111111111 111111, 11111111111111
111111 111 1111111 111111 1111111, 111 1111111 1111111111
111 1111. 1111 11111 1111111· 1111111111,111111111111,111111
111111 11111 111111. ,1111 1111111 1111111111” 11111111 11111
11111, ,111 111 111 111111111111 (1111111,” 11111111111111
1111111, 111 11 111 111 1111111111 11111111, 11 111111111111
1111111 1111111111111 111 111111 gu 11111 11111111, 11111111
11 1111111111. ’

Ιῖο11 111131111111111 111 31111111 1111 1111111,
1111111111111111(1111111111111115111111111131111
1211 1111111,11111111111111 1111 (611111 1111111111
111111, 1111111 111111 11131111 1225 1111 ῦ1111111 1111111
1111111 11111111. Da 11111111 11 111 1111111111 111
111111111111, 11 1118111111111111 111 1111 111111,
111 11111111111111111111111; 1111 11111 11 111111 11 1111111
11111, 11111 111 11111111111111111111, 111 11 1111111111
11111111 11111. 11111 111 orm 111 11111111 11111111
11111111111111111111, 11 11111 1111111111 1111111111 1111
111111) 1111111, 111 11 1111 11111 1111111111 1111111111
1111111111 111111.

111111 11 111 1111111111 111 11111111111111, 111 111111
11111111 111 11111111111111 611111, 1111111 11111 1111
11111111, 1111111111111111, 1111 6111111111, 111111 1111111111

’ 1111111111,111 mid> 11111111111111111, 1111 111111 11111111

11111. 11111 11161111111111, 111111 111 1111111111 111

¹) 111111 1111111 11 111 1111111 1111 1111111111, 1111 111111 111111 111111
111111111111111 1111111111 11111111 111 11111 111 1111111111· 111 wa· ἶ
111111 111 111111111111.

’11)111111111111 11111111111111111 111111 1111111111 1111111111
3111 1111111111, 1111 111 111 1111111111 111 1111111111 1111 11111111
111 111111 111111 111 11111111 11111111111111 111 111111111111111111
11111111 11111111, 11111111 111 1111111111111111111111 11111111 1111111.

 

