1

-11-

311 111 1111111111 111 111 1111111111 1111. 1111 11111
111111 11111111111111111111111111111 111, 111111 &tobes
11111 111 heiligen 111111 11111111,- 11111 11 1111111111 111
111111 1111111 111 11111111 &unwan-tumen. 1511 1111111111
111 31111 1096. Su 111111 11111 111111111111111111111131111
11111 1111 1111111 1111111 11. 1111111111 1111111. 111111 111
111111 111111 (11111111 111111 111 1111111111 ¹) 111 1111
11111111 11111) 1111 111 111111111111111111111111 mens
11111111, 11111 11 11111111111131111111111 111111 11111.
1111 111 (11111, 1111111 1111111111 1., 1111111 111
1111111111, 1111111, 111111 1111111 1111111111, 11111111
11111111, 1111111111, 111111111111111, (1111111111 1111
11111111, 1111111111111111111 111 1111111111 11111
111111 11111 11111 111111 1111111 11111111 1111 11113111
111) 1111111111. 11111 111111111111111 111 111111 3111 111
1111 31111 1291, 1111111111111, 1111 11111 11111111 111
11111 111111, 1111111111111111111,111 111111 1111111111111
11111111).

3111 1111 111111 111 1111111111111111111111,111 111
11111111 111 1111111 111 1111111111, 1111111 (111 111 (111111
11111 111111111, 111 11 111 1111111111111111, 11111111111111
11111. 11111111111111111111111111111111111.1111111, 1111
11111111, 11111111, 1111111111, 111 1111111111 111111 11 111111
1111, 1111 11 111111 &cele 11111 111111111111 11111 11111
111111, 111 11111 111 1111111111 1111111, 11111 1111 11111
11111 1111111111, 11111 11111 111111 111 1111111 11111, 1111 11111
1111111. 111 111111 1111111111111 ,1111 1111111111, 111111
,1111111111 1111111 1111111 1111 1111111111, 111 1111111
,111111111111111 11111 1111111111, 111 111 1111111, 111111

¹) 111111 1111111 111111 11111 111111 111111 11111111 111 111111 111 111111
1111111 1111111111 1111111111 11111111 111111111111111111 ver:
1111, 1111111111 111 1111111 1111111111 11 1111 1111111 11111111,
11111 11 111111111111111111. 11111 1111111111, 111111111111111 11111
1111111 111 1111111111, 1111111111 1111111111 111 1111111111,
11111 11 1111 1111111111 11111111 1111111111 111111 (11111111, 11111 111
1111 11 1111111111.

’1 111111 1111 11111 11111 1111111111 1111111 111 ,1111111111 111 111111 111
1111111111 1111111111,

 

