Α

1111111111 11111111 111 111111 11111111 111111 1111111 11
111 311111 1311111 1516 11111111.
11111111 111 11111111 1111111111 11111111116111111111
111 11111 111 11111111 1111 1111. 111111111111111111Θ1111111
1111111111111 11111 111 1111111111 111111, 111 1111 12.
11111 963 111111, 111 1111 1111111, 111 111111 1111111
111111, 1111111111 gu 1111, 111 11111111111111111111111
1116111, 111 1111111111, 1111111, 11111111, (1111111111111
111 1111111 111 111111111ίῴ1 1111111111111. 31111111111111
111 ῶ11111111111 1111111111111,1111111111111 (1111111111 1
11111 3111 1111111111 11111, 111 1111111111611111111111111 1
111 11111, 1111111 1111 1111 111111, 11111111111611111
11111111(11111111111)11111; 111 111 11111 131111 11111
111111, 111111 11111 111 111111 1111, 1111 1111111111111
11111111 111111 1111111 11111 11111. 11111111111111111
11111 111 1111 11111111 11111111111Φ11111111111111111
111 11131111 81611 1111111 11111111111111111111111111111
111111. 1111 1111111111 111 31111 911111111111111, 111111
1111 11111 1111111111 111 11111 11111 111 111111 11111111
111 11111, 111111111111111111, 1111111111, 111111 1111111111
1111111 11111111. 11111 1111111 1111111111 1111111111 11111
1111111 11111111 111111 111111 1111111111 111111, 11111 1111
1111 11111111 11, 111 111 1139 111 1115 111 1111 11111111
111111 611111 11 1111111 111, 11111111111111111111111111111
11111, 11 111 1111111111111. 1111111111111111111 Ν
1111111 11111. ‘
ὓ1111111111 1111111 111 111 11111111111111111111
11111111 1111111111, 111111 1111111111 11111111111111
11111111111111111 1111. 11111111 11 1111111 111, hurd) (mh
111 111 ὓ1111 111 111111 111τί1111111 1111111 11111
111 111 1111111 111111 111 11 111111 11111111 11111111 11111
111 1111111, 11 11111 111 1111111 11111111, 111111 11111111
1111 11111 1111111111 11111, 111 111111111111111111, 1111
11111111, 1111111111111111111111111 1111. 1111111111, 1
111 111 11111 111 11111111 1111111111 1111111111 111, mes ‡
111 111 111111 1111111111 11111111111111111111111111
1111 1111111111 1111; 1111 111 1111111111 111111 1111111111 1111
111111 1111111111 3111111 1111111111ῐί1 11111, 11111111 1

 

