171

111111 111 1111111111, 11 1111111111 1111111111 1111111111111-
1111 ““ 11111 noyn von Verni'mftlg· 0111111111111111111(11”1-·
ser ia) 111111111111111111111111811111111111111 1111111
11111111111111111111111 111 1111111111 1111111111111111, 11-
111 1111711111116111111111 1111111 111 111111111111111 ιι. 111.

Dagegen 11111 111111111111 1111111111111111111151 11111
111111111111111111111, 11 1111111 111 1111111111511111,
111 111111111111111111111111111. .. 11111111 1111111111-
1111111 1111111111,111 1111111111111111, 111 111111 111
1111111111 11111111,1’11111111111111111 11111 11111 111-
111111111111 11 111 1111 11111111 Erato 1111111111121111111,
1111111 1115111111. ... Danu 11111 111 vernunst gebrauchen
1111111 11111111, 1111111111 ’1111111111111 111111111111115 steyn,
11111 1111 11111 11111111 zum Ρ11111111 111111. 1111111 1111111
1111 111 1111 Μ11111111111111 wieder 111111 1111 11111111-
31111 111111111111111 111 111111 1111111111,11111 man 1111
11111111111111111111111111111 (palaemonem), und iiber 111
1111111111111111111 1111111111 111 1111111111 1111111111
1111111111111 111111111111111111111111 1111111111 1111111-
11111511111111 111111111111111111111 1111111111 111, 111111
111111111111111111111 111 111111111111 111111 muas.

En gibt 1111111111111111)111111111111111,11111111
111 11111111111111111111111111111111111 111 11111, 1111111-
111111111,111111111111 1111111111 11111 Fulge 1111 11111Μὸ5-
1111111111 11111111111,’ 1111111111111111 alle 111111 111151
111 111111 111111111, 1111511 1111111111111111111. 1111111-
1111111111, 1111 11111 111111111111111 1111111111111111111-
11111, 1111111911111111 111 11111111111111511111151, 111.
1111111 111111 111111, 1111111111 1111111111. 1) 11151111-
111111, 11111111 111 111111111111111111 kann, 1111 111 allen
111111 11111111111 (111111 11111111111111111, 1111 1111111
111 111111111111111111111 111111111111, 11111 auch derZeit,
1111 111 111 11111111111111,111111111111111 1111111111 111
1111111 1111111111111111Ὰ und 11111111 d) Μ1111111111111, mit
111111 111 1111111111111111111111 111 1111111, der

 

