20

1111111 111111, 11111 1111111 1111111, 11 1111111 811111 11 111
111 1111111111 1111111111 11111111. 111111111111111111111
11111111 11111 111111, 1111111 111 11111111111111111111111
6111111111 1111111111, 111111 11111111 11111 111 3111111311
1111 111 11111111, 1111111111 11111111111111111111111
1111. 11111111, 111111111111111, 11111111 111 11111. 31111 111
111111, 111 111 1111111111)111111111111111111111, 111 1111111111
1111111111 fid) 11111111 1111111111111111 111111 11111, 111
11111 111 15. 1111111 11111111 111111 in 111111 61111111 111
11111111 111.

11111111 311111 11111 1111111111111111111111111 11111111
111 1111111111 1111) 1111111111111111111111 1111111111
1111111111 1111111111, 11 11111111 1111111111111 1111111
1111111 111111, 11111111 111 1111111111 11111· 111111, 11111111
1111111111 11 11111111. (ir 11111111 11111111 1111111, 1111111
1111111111 1111 11111111, 11111 11111111 111111 11111111111111111
111111 11 111111 111111. 3111111111 31111, 1. 11. 111
31111 1193, 1111111111 111 1111111111, 111 111 111 11111111 11111
111113111111111111111, 111111 fic 11 11 1111111111
11111 111111 1111111, 111 11111 11111 11111111111111111111.

1311111111 111111 11 11111131111111111111111, in 111111
611111111111111111111111111, 1111111 111 11111 11111111 1111
1111111111, 111 11111 1111111 11111111111111111111, 11111111 11
11111111, 1111111111 1111 111 11111111 311111, 111 11111 111111 1111
11111111 111111 11111111 1111 1111111111 111111 111ῶ1111
1111111 ¹) 11111 1111111111 11111111, 1111111 111 1111111111 111
111111 11111111, 111 1111 1111 1111111 11111111, 1111111 1111
1111111 11 1111111 11111 1111111111. 11111 111111111111111

11111111 11111 1111111111, 111 111 11111111 1111 11111 3111
11111 111111 1111111111 1111111111.
Ὲ11ξ1111111111111111111111 1111111111 1111111111 iu 111

1111113111Ὡ11111111111 111 111 1111111111. 111111 1111111111
11111, 11 111111 111 11 1111111, 111 111111111111111111

fi—-u—-n-—o

¹) 111111111111111 111111111111111 111 (1111111111 111 11. 1111111111,
111 ΙΙΙ. 111111 11111111111111111111 111 11111111 111 111. (1111
1111111 11 011111, 111 affine 111 1111111εῆ11 11111111 1111 metim
1111 111 3111111111.

 

