209

...Ι-Ἦ

. · mn 11 11111 111111 11111 1111111111 111111 1111111111,
im [5111111111 111 1111111 11111 111 111111, [a 11111111 111
61111111, 1111111111 111 111111 1111111 1111111111, 11111 11111111
1111 1111 1111111111, 1111 11111111 1111111 111111111ιὲ1 gu 11
mum, 11111 11111 fugent: „Vere Dominus 111 111 lum im...
Qu 1111111111 en 11111 ide? Non 1111111 1111111111 11111111
bai, 11 porta coeli.“ Gen 1111111111111111111 111111
11111111 11111 1111111 1111111111. 111111 1111 1111111111 111
11111111111111111111 111111, 1111111111 111 11111111, 1111111
Mt 111111111111111111111 1111111, 1111 111 1111
11111111111111 11111111 11111111 11161111 1111111111

w 6111111111 111 1111111111 11111111) 1111111111111111

1111111111 3111111111, 111 fid> (1111 11111111 111111.
x 11111111 111 1111111111 111 111111111111111111 111 11111
Ν 111 11111 111 11111111 111111 1111111111111111111111111
1111111 111 1111111, 1111111 111 111111 1111111111, um 1111111111
1111111 1111111111 (1111111111 1111111111111. 111 11111111
fi& 1111111111 1111111 1111 11111111 111111111θῇ11 <battua
111111 1111 111 111111111111181111111111, 1111111 11111111
1111111111 31111 111111, 111111111111111111 1111111111 111
1111111 111111 11111 1111111111 11111111. Die 1111111 11111 .
1111111 11111 1111 1111111111, 111111 111111 1111 1111111111
1111111111 11111111 in 111 11111111 1111 1111111111111111 111
1111111 11111, 111111, 1111111 11111111, 111 111111 111 ὗ111111
1111111111ιῇ11 1111111 1111111 111111. ssi( 111, 111 111 311111
12118 1111111, 1111111 111111111111111111111111111111,1111111
111 1111 111 gnis 1111111111, 1111111 1111131111 13391111.
1111111, 111111111111111111, 11 111 111111 11111 111. 111·
61111111111111111 11111111, 11111111 111 1111111111 1111·
ffit. 1111111111 11 11111111111111111, 111111 1111111 81111 1139
111111111111111111111 1111111, 1111111111 111111. 111111
111111111111111111 11131111 1575 11111, 1111 1111 1111111111
11111 1111 1111111, 1111 1111111 61111111 111 1111111111 111111·
111, 111111 1111111 1111111111 ww! fiam, 11111111 1111
111111111111111 1111111111 111 1111111111 6111111111 11111111
11111, 111111 11111111111111 111 11111111 11 111 1111111 1111
11111111 1111111 1111.

11111 111111111111111111, 1111111 ,11 11111 11 111 1111111

 

