· ..11-

111 1111111 ¹). 11111111 11111111 1111111111, 1111111111111
1111111111 St. (111111 111 Μ111111111ς 111 1111111 111811-
11111 1111111 11111 111111111111115 111 ’11111111 111Ζ11111,

111 111 11111111 111 11111 11111111111111 ²). 1111 1111111,

. 111 1111 11111 1111111, 1111111111,Δ1111 1111111111,111111·

1111, 11111111 111 (111111, 11111111 111 11111111 11111 11111111·
logie, 11111 111211111111113). 1111 011111111111118111111,

111 1111111111111111 1111111 1111111, 111 11 971 111111111111 Ι

1111111111 1111111111 geg'en 11111111111111111111111111),
und 1111 11 Rom 111111 1111111111, 111111111111111111
11111111 1111111111 111 111 Exemplum 111811111111Τ111-
quillus 111 1111111111111,111 11111 ihm 111111611111111.
111 11111111111111111111, 111 1111111, 111 11 111111111
1111111111111111 11111111 1111111, 11111111 1111, 1111 11
11111111111111111111111111111111111111, 111 111111111111111111
111 111111 11 1111111, 111111111111 111 11111111 zusammenge-
11111, ,111 111 11111111 111111111111111111,” 1111111111111,
,1111111111111111 111 111111111111111111111,111111 11111 111
111111, 1111111 111 ern-ungena 111111111111111111111 darum 11
8111111 11111111111 111 111Μ1111 1111111111111,ι111 111
111111, 111 1111111,ι11111111111111111). .... 2112111, 111
1111111 11111 1111111111111 1111111 111 11 111111111111111
ouo 11111111, 11111111 11 1111111 11111, 111111118111111

W

Ι) Ep· 9.

⁸) Ep. 17.

ηψῆἥ

⁴) 1111110111. XVIII. Auch 11111111811111111811111 1111
11111111 11111311111111, 1111 971, 1111111111 111 111111111-
1111 11 1111111 1111 n 1111111111111111111 1111111111 11111111,

1111 111111 81111111811 11 1111111111 1111111111 11111. Mans?
1111. X 7111. p. 181.

1
2) {aaa 11121111 laboris contemtus malefidae fortunae, quem 1111·
temtum-nobis 11111 parit sola 1111111, sed elaborata 11111111,

deinde 11 111111 11111111111111111, 1111111111,’11 addices·-
mus‚ quod nescimus. 11111.

 

