22⁰

auu-nu*

1111111111 1111111111 1111111111 fetum 11111111 s

1111 11111111 111111, 111111 1111111111, 111111111111111 111
1111111111 1111111 1111111111 1111111 1111111111.

Die 11111111 3111111111 11111111 1111 1111 1111111111
1111 11111111, 1111111111 1111 1111111 11 111 1111111111
1111 1111111111 11111 11111111 1111111 11 1111111, ,1111111111
11111. 1111111 11111111 1111111111 111 111111 11111 111 1111111,
111 111 11111111111111111111111 111 (1111111111111 11111
111111111161111111111 1111111111. (ir 1111111 11111111,
1111 111111 (1111111111 1111 111111 111 1111111 11111111111111
11111111 1111 11111; 11111 111111111111111111 11111111, 111
111 111 1111111111 11111111, 111 11111111 1111111111 111111
111 1111 1111111111 1111111. 11111111111111 ‘plan 1111 31111
1716, 1111113111, 11 111 1111 11 111111 111111 111 111111

1111111111 3111111111 111 1111111111 111111111111111111111111 ⁴
11111 111 1111111111 11111111 1111111 1111 111111 111111 ’

11111; 1111111111111 111111 311111111111111111111111111 111
11111111 111111, 11111 11 1111111111 11111 1111111111 13111111
31111 1761 1111111 111. 111111 1111111111 111 1111 1111111111
3111 1162 11111111111111111111, 11111111 111 v. 3111111111

111 1111111111111111111111111111111 111 111111 1111111111

111111111111111111. 1111111; 1111 1111 111 1111111111 ¹

1111111 11111111111111 111 11111111111111111 111111, 11 1111111
magud> 11111111, 1111111 111 111 111111 81111 116111

1111 1111111111 1111 111111, 11111111 111 1111111111 111 ¹

111 1111111111111111. 111111 1111111111 111 1111111111 1111 111
11111; 1111 1111 111 11111111 111 111 1111111111 111 11111111
1111 111111 1111 11111 11111 1111111111 111, 1111 11111 111111

111 1111111111ῖεί1 111 11111 1111 111111, 11111111111 ¹

1111111111 1111 11111111 111 11111111 11111111 1111 1111111111

. 111111 111111111111111111111111 1111111111111111111111111111
³⁰²² Ἥ 11111111111111111111111,11111111111111 ¹

,1111111111 1111111111 11111 111 11111111111111, 111 1111 1111111
11111111, 111 11111 11 11111111 11111, 111 111 11111 1311111111
&Mt 11111111 in 111111 111111 111111; 1111111111 1111111, 111

1111111 111111 11111111 1111 1111111 31111 1111111111 1111*

11111, 11 1111111111 11111 11111111 111 111111 (1111 1111111111

1

 

