..11

11111111 1111111111 1111111111 111 11111111111111111
111 11111111111111111111 11111111111111111 &ephan 11111
11111111 11111111 1111 1111111 6111111111, 111111111111111111111
11111111111111111111 1111111111 11111. (Sin 1111111111 1111
1111111111111Θ11111111111111111111111 11111 1111111111111 1111 1111
1111 311111, 1111111 1111111 111111111111, 111 1111111 11111
1111 11111111. 1111 1111111111 1111111111 111, 1111111111
1111 111 1111111111, 111 1111111111, 1111111 1111111, 1111
111111111111111111111111, 1111111 11111 111 11111111 111
111111 11111111 1111111 11111 1111111, 1111111111 111111 1111111
111 11111111 111 1111111 1111111 111111111111, 1111111111 “
1111 111 111111 3111111 11111111 111 11111111111111 (1111111111
111111. Ὧ11111111111111 1111111111 111 1111111111111111111 1111111,
11111 1111111 11111 111 111 11111111 1111111111 111; 11111111,
1111, 111 1111 1111111111 (1111111111 1111111111111111111111 111
1111111111 11111 11111111 (111111 11111111 1111 1111111,
111111 1111111111111111 111 1111111111 111111 1111111, 111 111
&unte 111 11111111 11111111111111 111 11111 1111 1111111111

1111111 111111, 111 1111111 11111 1111111111 111111 1111111111 ,

111 1111 11111111, 11111 Ἑ11111111111111) 111 1111111111 111111
11111111, 11111111 1111131111 1511, 1111 11111 31111 11111 111
1111111111 1111111111111111, 111 11111111 1111111 11111111.
1111 1111111 1111 3111111 1111111111, 1111111111111
1111111 1111111 11111111111111111111 111 (1111111111 111 111111
1111111, 1111 1111111111111111111111111111 11111111. 111
1111111111 11111111 11111111 11111111, 1111 11111 1111111111 11111
111111111111111111111 11111. &tint (1111111111 1111111111 111
1111111111111111 111111 (51111111, 11111 11111 11111 111111,
11111 11111111
D. et 11. 11111111 Vishrocus 1111111111
Hujus Ecclesiae Canonicus
Vivens 1111111111 1116 011. 1111115
01111
11111111 1111.
(1111111111111111 1111111111111161111111111 1111111111
11111111, 11111111 111 11111111 8111111111 1111 1111111111, 111
1111111111 1111111111 111 111111111111, 1111111 ww

1111111111111,1111111111 11111111 (1111111111 111 11111

 

