124

Ἣ

· 1100 11000-8100101011ςο 00100500001010110111001ςο01οΙ1ιο
5000000, 10101011 011100 0000100100 01011010111011101100-
000110ος 01011 5010111, 1000 00 (1000001100 001101 geme-1
000, 100 510101 0001 01101 1110100100 001000 alten Elnfluss 10
11000 010100100000101100, 110 1100100100 00001010100 100000.
11000110ος00 00100100101130100 001110 00500 110 50011001,
101 000100 110 110 010501ος100 11011110 00 0010010000. 11000
11000100 1110000100, 10 (1000001100 110010010ος00 000 1000·
1100010 001 100000 1100011000 0101101011 000 0100 1100011οο gesen
manche hemchnfnchtige Aenuserungen 100 (1000000 11001001,
10010 00111011 000100, 11011000 00100100011100101 0100100
1100001000 100 1001001οο 110000 00 10100110105000,
01ὲο 1000 man 000100100010 110000 1100110100 von 00000100
801100 0101000 00100, 100 10500110100 1101000 gegen 11001001
001100000110001000 10 110000 80010 0010000100, 001 1000
1100000 110110001101001011 01101 0001101011101 00 00100000
gegeben 00010, 001010010 00101011001010001001001100 an
100110100οε ”’ .

„leh 0001001000 10111011 10110100101011101 1010 001 10-
1011100, 0100 00010 101 1100010000 000100 110010, jemai· 11101
001110 1101015εο 1010111010010100, 001 varum 000101110001
00 0111101101Ι 001ιο101100, 101 mir 0010100101. (1111110101, 000 ,
1101001001ςο1101011 mir 0000 ,0000001101ιο 00010100, 010 01-
0010000, 0100 100 1100010ος000 010 01100101001100011100ος
00010000000100111 110, 110 001101 100100 mir gegeben, 000000
011101 110 1001010100 glauben, 000010 1110101100 100000, 00
0010 00 0010101001 Μο10111011000 1011110,..101 110 101000100
11010001101101 00000100, 010001100010101010100 1100011110οι
0000111110 11000 1101001000, 010 1000015 0101 0101010 00101, .
010 unangemessen 1001010001010011110101 10 1001 2011011000,
00 00 sagon, habe 101 1110, 1000 10100,10οι 1100, 1011100
00100 1010111010011000100000, 110 0050101110010 ’10000 10-
11111111, meino Person, 010 11010 010 0001 001, 1110 1100011011-
10101 0111100100 11101000, 00000100 11111000 110010 gegeben.
11111111 1111101000 001 1110110100, 00100 101101011οι0 001 10111100
von 11001000, 00011ιο000 und 110001, 111100 001 111110 gaqum,

 

