..E-⁸.-

111 81111111111111111111111111 (11111111, 1111111111 1111
1111111 1111111, 11111 111111 111111 1111 11111111 111 11111
11 11111111. 11111111111111111111111 11111 1111111111 1111111
11111111111111111111 111 1111111111 1111111.

81 1111 1111111111111111111111 1111111111111111111111
1111111111, 11111 111111 11111111 11., 1111 1. 3111 1311
11111 111111, 111 111111111111, 111111 1111111111 1111111111*
111131111111111111111111111 1111 8111 11111111 111, 1111111
1111 1111111 1111111111 111111 1111111111 11111 111111111-
tum eorpus 01111111 1111111111111111111, 11111 1111111111 1111111,
111 11111111 1111111111111111111111111 1111111111, 111 111
111111111111111111111 1111111111111111 1111, 111111 11111
111 1111 11111 11111111111111111111111111111 11111111 uns
11111111 111111111111111 111111 1111111111 1111, 1111 11
1111 11111111, 1111111111 11111111 111111 (1111111111 1111
11111 1111111. 111111 ob sui 11111111111111111111111111111111
1111111111 dedit 11 congruis honoribus 111111111111, 111
Christi 1111111111 1111111111111111.

1111 11131111 170⁰ 1111111 1111111 11111111, 111,
1111111111 11111111, 111 1111111111 11111111 1111111111
11111111111111111, 11111111 11111111. 111111111 1111111111
1111111 ,111111 dirui, monsieur, qu’il 111 bien 1111 que, 111
„trouvent 11 11 noble abbaye des 1111111111Η11111111111, 111
,111111 1111111111, j’ y 11 11, 11111111111111111, 11 consi·
,1111111 grand autel de 11111 (glise, qui 111 11111 1111111111
„solide est majeslueuse‚ 11 111111 1111111 111111111111 (111 1111-
„iste 11 1111111111 1111 11 plus grand 11111111111111111-
,,1111 1111111111 1111111111, 111 1111111111 1111111 1111111111
,11111111111111111111 11 111 11111111111111111 111-

· ,1111111 etque M. 11. 111 1111111111 811111-1111111111 11111

· ,,81111-111111,111 11111111 1111 moi, 11111 pens& 111 1111111111.

⁸) 611111 1201111111 du 11118111131111111111111111111 11 nom·
1111111111 1111111111111 111 11111111 1111111111, 01111111111111111
&aaa 11111111 1111111111 1151, 111 1111111 vua> 111 80-91)

 

