...²2-

11 1111111111 11 111111 11111111 111111 1111111 1111111111
(11111111 1111111111 1111 11131111 11111111 1108, 1111111
1111111 1111111111Ξ11111 1111111 1111111111 111111111,
11111111 1111 111 111 111 1111111111 1111 1111111111 (1111111111
111111 11111111111111111111111. 1111111111 1111111 11 1111111
111111111111111111111111111, 111 11111111111111 11, 111 1111
ο 111111111111111111111111111111111 111 11111111 11111.
111111 1111111111 11 111111 111111 &tabu 111 1111 1111111 11111
1111111111111111 11111111 11111111 1111, 111111 11111111,
1111 111111111111111 11111111111111 gu 1111111111. 111111
111111 1111131111 1112111111, 111 111111 1111111, 111 11111,
11111 111111, 111111111111 1111111111 111111111111111111, 11
1111111111, 111 111 11 111 11111111 1111111, 111 11 11111111
1111 111111111111 111 1111111111 1111111 111111111111111111
1111111 111111.

11 1111 11111 3111111 111111111111111 111 11111111,
111 11111111, 111 11 11111111 11111, 111 111111111111 11111 Dtte
1111 111111 111 1111 31111 1115, 11 111111111111111111111
111111 11111, 111, 111 11111111111111111111 1111111 1111111111
111 11111 11111111, 1111111111111111111111111111111111 (1111
gu 111111111111111111, 111111 11111 (1111111 111111 111111
1111111111 11 1111111111 1111111. 1111111 111111 11111111, 1111
811111 6111111 11111111, 111 11111111 1111111111 1111
111111111111111111. (1111111111, 1111111111 11111111 111
13111111 6111111111 111 111 1111111111111 111111111111111;
111 1111111 11 1111111 11111111 1111 (1111111111 111 1111111111
111111 111111 1111111 1111 11111 1111111111 11111 11111 111111 11111
11111111 1111111111111111 1111111111 111 11111111 1111111
11111111 1111111111, 111 111 (1111111111 1111113111111111111.
(11 11111 111 11111111111111111 (11111111111111 11111, 111, 111111
31111 1111111, 11111 111 1111111 11 1111111 11111111 111 11111111
1111 1111111111111 1111111111 111111 111 11111111 3111111111
111, 111 11111111111111111111111111 12 1111111111, 111111 111
111111 11111111 1111111111 1111111111 11111111111111111111111111
111111, 111111 1111111111 111111 1111111111111111111 111.
11111, 111 111111 1111111, 111 1111111111111111111 111 1111
111111 1111111111 111 111111 111111, 111 11111111 111111, 111
1111111111 1111 111 1111 1111111111 1111111111, 1111 11 11111.

 

