195

Ἥ

11111 9931 B: 46, 47, 49, 40, 43, 22, 53, an sigula, 1111911-
00100, 010 0101911010 1190001
1011οι111 XV.; 1›= 34, 29.

- 9941919938.
- 9951 n: 44, 51, 32, 45, 52, 97.
- 9961 D: 27, 28, 30, M: 159.
· 99119118,50,Μ1160.
· 9991 D: 55, M: 28, 01 0011011110οη 1111010111οη 11111,
0101101011.
Ι -1001101111100110 ,

lm Allgemelnen 1011011110 11101 111101, 11111 1111 zu Gun-
1101 11110101 1111110111 0000191111 haben, gegen 010 91011111ου1.
910 911010 1110 00101101001 germen, 01001110101111111011011
001 9111011011 1111011011 101 11101, 0101 1111110101 10111011, und
0101011101 0101101 1110111 1001011001. 9010110011 1111110111 01111111,
warum 110001 01101. (1· 973), 1100110110 11. (1983) 11100111
langen Zeltraume 1011 970 bis 982 1110100110101111101011111
111100111 0111000110 warde 01101 1111011011 9011110 1110001 0111-
111011011 1011100101. Wenn 110011 01110101 1111110111 010 911010
0111 0119821051111011, 10 1111111011 11110011 tristigen 011110 an·
1111101, 0011 0111111101010111101110 1101110111 11111101111011011
staatnmann 1101110101111111 11030111, 10100 911010 0110 0111110-
1111111 und ςο1011111101111ι110011 11111 man 010 911010 1010111
909 11ος1111101, 10111 001 1111111010, 0011 gen-ade 010 1011101100.
nen und 1101110 andem 11011 0111011011 11011011,1001011011 Sache des
21111111. 90011 01 ,11111001101105011011(111110,οι111011
11111110 0019110111 1011111 genommen.

1.) 11 0011911010 20, 10001101110112011011 1119011110
zu 1011101901111010150110 an 010 1101110111 1001111110, 11101101
0110111, 00101111οδ01, 1101010111, 01110100 010 Τ10110, 010
0100111 8011110 1101111111, 0101100111 91101 1101010011. 91011110-
1101101, 0111 010111111101 0110 11. 11 910011001011100111011011
110110,10151101110110110 l. 1110 0111101101 (eine 1111101) 0111011011.

2.) 11100111 91101010, an 11111 (1011110 1101111100, 11111011
(10111011 11101011, varum 01 nicht den Kampf gegen 101110

0051101 111 90111110 zu 1011011011 vage, „quia 001Ίὲ :me rectore

 

